52 72 28 60 72 56 86 56 116 
56 112 39 64 86 36 60 52 123 
84 69 32 46 81 79 82 46 111 
73 117 62 53 90 55 46 49 128 
139 158 54 101 157 114 144 89 213 
101 100 33 79 113 96 129 73 162 
119 128 73 77 127 116 113 79 188 
41 81 25 45 62 23 41 35 85 
163 158 84 77 157 138 114 77 207 
76 93 77 54 85 91 73 64 146 

142 121 81 84 64 100 75 36 111 95 
151 139 95 111 52 104 74 37 109 114 
143 126 59 103 84 99 92 37 120 111 
132 113 100 42 137 129 73 25 139 86 
224 201 149 140 151 184 122 49 197 166 
122 129 88 110 63 95 61 25 95 116 

149 219 173 183 125 

230 183 170 182 123 205 
259 223 230 189 152 169 
254 267 243 217 122 226 
266 215 204 217 157 253 
266 222 190 234 156 237 
259 253 255 215 183 278 

136 108 98 32 79 
181 275 136 97 230 
125 203 114 75 206 
140 309 125 109 260 

24 
0 
8 
72 

100 
62 
90 
123 
133 
130 
227 

153 120 
134 106 
264 178 
203 167 
191 90 
331 268 
223 118 
327 261 
228 191 
220 182 

